16753214,16777396,22077867,22095849,28300714,29147916,29156343
16753163,16762351,16768856,16780427
16753161,16755387,16755389,16760637,16765127,16767506,16771719,16781295,21562915,21574854,22070609,22070891,22088127,22093190,25412826,25416927,25417493,25424530,26098559,26099876,26105555,26107253,26120052,28288577,28315587,28317503
16770743,25416971
24551850
21575114,22069586,29162867
21558187,21558190,21576859,22069544,22069570,22069596,22069605,22069631,22069671,22069681
22069572,22069574,22081600
25408521,26091825,26100670,26108715,26117979
22084033
26110868
16756717,21566064,21567072,22067658,22071574,22078327,22082529,22083523,24530908,24533633,25400828,25400829,25412314,26093085,26094984,26096936,26097592,26100943